36	0	29
1	1	2	3	4899
2	4	1	3	4899
3	5	6	7	4899
4	8	9	6	4899
5	10	5	11	4899
6	10	8	6	4899
7	12	13	14	4899
8	2	15	13	4899
9	16	12	17	4899
10	18	19	20	4899
11	16	2	13	4899
12	21	4	3	4899
13	21	22	4	4899
14	23	24	25	4899
15	26	20	9	4899
16	22	23	27	4899
17	28	26	4	4899
18	28	18	20	4899
19	5	10	6	4899
20	5	7	11	4899
21	8	10	15	4899
22	8	15	9	4899
23	12	16	13	4899
24	12	14	17	4899
25	2	16	3	4899
26	1	15	2	4899
27	18	28	29	4899
28	18	29	19	4899
29	21	24	22	4899
30	21	3	24	4899
31	23	22	24	4899
32	23	25	27	4899
33	26	28	20	4899
34	26	9	4	4899
35	1	9	15	4899
36	1	4	9	4899
1	0.000143701	-0.00903543	0
2	0.00744318	-0.0984807	0
3	0.05	-0.05	0
4	0.05	0.05	0
5	-0.2	-0.00608836	0
6	-0.15	0.05	0
7	-0.25	0.05	0
8	-0.1	-0.00608836	0
9	-0.05	0.05	0
10	-0.15	-0.05	0
11	-0.25	-0.05	0
12	0.00608836	-0.2	0
13	-0.05	-0.15	0
14	-0.05	-0.25	0
15	-0.05	-0.05	0
16	0.05	-0.15	0
17	0.05	-0.25	0
18	0.00608836	0.2	0
19	-0.05	0.25	0
20	-0.05	0.15	0
21	0.1	0.00608836	0
22	0.15	0.05	0
23	0.2	0.00608836	0
24	0.15	-0.05	0
25	0.25	-0.05	0
26	0.00608836	0.1	0
27	0.25	0.05	0
28	0.05	0.15	0
29	0.05	0.25	0
